Ellin6513	0.025843790595546	0.0743814472717415	0.0944343924286233	0.0733772735792066	0.070485000616056	0.0608144149481844	0.0429736759800709	0.062485147375241	0.017328619288032	0.0563233601640825	0.139589828201341	0.0814458416314807	0.0696384606237783	0.0762669204986098	0.0546118267980207
Acidobacteriales	0.0450651164435725	0.0840868221265362	0.0884099462423138	0.0598900797906038	0.0644997616135634	0.0590801344649135	0.0458905081381949	0.0718783374803992	0.030400664541922	0.0619537535930399	0.0968121818388531	0.0771452520326438	0.0816583589198304	0.0764143274767732	0.0568147552968741
Rhodospirillales	0.117805913937442	0.0756610701548398	0.0365941910204552	0.0592617094277233	0.0468191903903672	0.0653781468653751	0.062709250159388	0.069204865028111	0.124047010977316	0.0593885988165996	0.0353903525785412	0.0494779867313192	0.0606223593530518	0.0582353000999134	0.0794040544596052
Solibacterales	0.124288949040233	0.0607043702793456	0.0571565372519703	0.0748635987018474	0.0678307280743305	0.0666225722933031	0.0797074268906624	0.0771599943493154	0.0746677001392892	0.0852569297804117	0.0288844664785371	0.0539423219022845	0.0480985548254218	0.0490887639521151	0.0517270860409218
Rhizobiales	0.147487307566251	0.0534620522054327	0.0287650947878674	0.0597767512078454	0.0609864006363658	0.0703637171602735	0.0666197692720048	0.0532249844352841	0.147186292406729	0.0669621388382901	0.0227911534547351	0.0396845211036818	0.0511760651580556	0.0480680899118259	0.0834456618553472
Actinomycetales	0.0869997770743143	0.0881731103610914	0.0421711274172882	0.0773051467099444	0.057759467003562	0.0615230338174525	0.0609601182710064	0.0874044186569854	0.0857774685164305	0.0656358290498617	0.0560992362294653	0.0529848236310104	0.0539746769659863	0.053595896072329	0.0696358702232789
Xanthomonadales	0.0798750423214941	0.0657156445961435	0.0431127200140188	0.0750517470869336	0.073547217291056	0.091727316106629	0.0699397180405377	0.0660570722376925	0.0955135050993336	0.0642101325887348	0.0215638902954118	0.0515486438259801	0.056663001077486	0.0559735977175152	0.0895007517010363
Syntrophobacterales	0.0427815837601513	0.0765089740042458	0.0340293286049231	0.0823057431842086	0.0340713319968098	0.0761551174723904	0.0734223591604017	0.0599597021221822	0.118890267375357	0.0537574593389213	0.0427476025214513	0.11217785436222	0.0425022493751917	0.06329315410309	0.0873972726184669
Thermogemmatisporales	0.0196409732485225	0.0462727521013978	0.0740459323474305	0.0675965197018614	0.123269713430186	0.0512944539986772	0.0425393201357379	0.0637874666870338	0.00443122244809989	0.0406657750468519	0.167604880775535	0.109746519709192	0.0906881828220345	0.0851975082534451	0.0132187792939941
Ellin329	0.0954744597183978	0.0478711842638439	0.0419484400871411	0.041050200299378	0.0387413500108568	0.0738965516384741	0.0759048070148007	0.0733890656974758	0.129301505796564	0.0870742987498085	0.0398405632750616	0.0373141033723266	0.0648905114643785	0.0591014146495095	0.0942015439619851
Oceanospirillales	0.00253110862444399	0.00315643134181692	0.00152010725827443	0.0106596112463755	0.114915423528148	0.0708828489375544	0.386823342018686	0.0272340008301742	0.082694647202904	0.0143602874607902	0.0174771087331985	0.0207810860092354	0.0466114168121948	0.0711651572700803	0.129187422726123
Myxococcales	0.104155486448744	0.0914003144968557	0.0622222188072518	0.0772943142675886	0.0689905933044596	0.0600145133818494	0.0722311688358263	0.0522612735106561	0.0658884338562298	0.111898042339955	0.0275392390203537	0.0529939310968909	0.0491688467291233	0.0470373195445595	0.0569043043596601
Acidimicrobiales	0.111896060351212	0.039611841468969	0.0299023563062793	0.0507004597221855	0.0390949593873582	0.0729016244052673	0.0690503592740425	0.0610785115268551	0.170956489539035	0.0569884666188546	0.0203381971675062	0.0410308409097524	0.0787614340708452	0.061773641791514	0.0959147574603198
JG30-KF-AS9	0.0365454083595047	0.0945158956921692	0.0419373182866456	0.0568613554518168	0.127735695204383	0.0538186133098973	0.0808812440145022	0.0845089063447442	0.00507594496687644	0.116500028865252	0.0687411189362819	0.0674008948696045	0.0570165939249557	0.0822146186993823	0.0262463630739873
Caulobacterales	0.112387221145052	0.0479998521676097	0.0260628678158775	0.0456215462919347	0.035377572292305	0.0796095289829931	0.0614349051100845	0.0665161205294211	0.133667937769536	0.0758940634486853	0.0239648420407424	0.0483405378379442	0.0786116603495048	0.0668293927052383	0.0976819515130676
Legionellales	0.0882062527271779	0.0608795111843619	0.0168667235355747	0.0497507476059259	0.0514650119352978	0.0935148903232362	0.0656119619680599	0.0764013271667176	0.152757228817105	0.0340023895480521	0.0241029936488688	0.0668710440828034	0.0687220240907461	0.069801990125536	0.0810459032405263
Burkholderiales	0.0969874202730888	0.06080010623517	0.0621046116300791	0.0828608972280946	0.0671611974123406	0.0666398886065591	0.0743167226450095	0.0674220573786406	0.0571181229703614	0.125272945381734	0.0379454293558391	0.068569101202087	0.046778283486605	0.0377108129847829	0.0483124032096125
iii1-15	0.0287182235656426	0.044476703046589	0.0974829240520685	0.0979587153832498	0.083951779382911	0.0916181081400186	0.0580662054392105	0.0727662183284204	0.0446235444280417	0.0792452785940897	0.0178221059958457	0.108175015083262	0.0732438136077765	0.0589241631912856	0.0429272017615916
Cenarchaeales	0.0120607386393786	0.120210996099297	0.180907204127786	0.0348526340328842	0.0515939381400601	0.0391235928840142	0.0657044985379568	0.0399523457183191	0.0161238136860283	0.102806093499617	0.0366856286110123	0.137241469360889	0.0457024395740807	0.0344408412576613	0.0825937658310176
NRP-J	0.0182614943618289	0.0322454902634855	0.0298515951436654	0.0704575500433514	0.0688219832645364	0.065775188507787	0.151639548002606	0.0529313182021554	0.0405461312194512	0.0503227740324785	0.0272457893818867	0.109258788814826	0.066983037037599	0.0882742637685048	0.127385047955842
Ktedonobacterales	0.0150687179773808	0.0650902231797522	0.0490568660307401	0.0559355890691061	0.114550840345353	0.0366082404209308	0.0316803683426261	0.0505763872265104	0.00331519640090305	0.112529020378891	0.228485635395075	0.114792551710849	0.0731080048994353	0.0342444454495323	0.0149579131729139
Bacteroidales	0.0895383917955315	0.0419077672250973	0.0698516219168277	0.0403665328427329	0.0397069278351905	0.0675070783449326	0.0753611727611108	0.0710371111128607	0.116090903159692	0.139637156783231	0.0296122011881044	0.0728265234611836	0.0510274989622925	0.0392853768199247	0.056243735791284
FAC88	0.0325531236687427	0.057039016441302	0.185879962702462	0.0742268655471442	0.0764522058275904	0.0683855707387113	0.0507022085583743	0.0567335658967839	0.0135865911580209	0.118808147069074	0.0539582954747438	0.0558317122409599	0.0492373170002687	0.0667502782916611	0.0398551393841533
Solirubrobacterales	0.102816928205567	0.0524690477193542	0.0352716249205552	0.0601161217316694	0.0441694288273079	0.0785500049603375	0.0621344582201399	0.0545175086330258	0.124308780341298	0.0992740240025976	0.0300333724271361	0.0394512190426229	0.0854512163246295	0.0528144593616971	0.0786218052820572
Gemmatales	0.0903330662600861	0.075393849800193	0.0318473549165611	0.0908122760467153	0.137624532116447	0.0451974498904707	0.0550608477518393	0.028935709547975	0.0128644640139608	0.0699558294621969	0.0593597043786921	0.12899399953244	0.0828861699579923	0.0594538815873795	0.0312808647370321
Gaiellales	0.0858966854035153	0.0248342978001217	0.0829109945698044	0.0329872503542824	0.0407059982275207	0.069119157165771	0.0768534751316739	0.0518122457774285	0.122643610875258	0.0758602538979851	0.0264430399551179	0.0422044940812302	0.0893316487497592	0.0902050807221409	0.0881917672883905
Elusimicrobiales	0.0356957010791878	0.108263727258551	0.140671388955196	0.0606318002425611	0.0721921312487646	0.059114944452673	0.0883321849101086	0.0709204922349318	0.01697904906392	0.119750389105918	0.0324865371564588	0.0600544214641208	0.0430248712807159	0.0590563735666724	0.0328259879802127
Sphingobacteriales	0.0730933290944847	0.0243321870393635	0.104359571572517	0.0127036784965741	0.0431083911238298	0.0370511446901051	0.0556817947269761	0.126914283677065	0.107885303410494	0.187874356030561	0.0843261879609376	0.037679198342989	0.0491198000950522	0.0253392709377352	0.0305315028013122
Bacillales	0.0491231950049428	0.0608925404075863	0.0457333837969301	0.0746669447558462	0.078931777951783	0.0595449466131704	0.0807774150831613	0.0967013169380581	0.0815154901366741	0.040823072052367	0.0572632968131518	0.0485298581775149	0.0710637720220108	0.0585416679777011	0.0958913222690997
B07_WMSP1	0.0418581873697661	0.0753769845096252	0.104377689839051	0.154980571035462	0.0600535367481056	0.0472128106286916	0.0526363544680295	0.0760968568105388	0.0286665353592611	0.0955008455417077	0.0464401413693886	0.0613418457626963	0.051117572503344	0.039181666113932	0.0651584019403988
Lactobacillales	0.0509356803522433	0.0755728478195351	0.0519146631761631	0.0741625410829223	0.0758140218369635	0.0558370575273166	0.0765906089762996	0.102571751821391	0.071428328456561	0.048354540092374	0.0504094515723253	0.0498910464911391	0.0635556465674712	0.0528759576377327	0.100085856589561
Rickettsiales	0.123027345958957	0.0575485859227862	0.031419631256196	0.0524878233198625	0.0921147998235027	0.0773275605276449	0.0631456375015733	0.0772452587541213	0.108121167325878	0.0492679655479468	0.0220887340553589	0.0608443737180174	0.0591420544540394	0.0635805094532882	0.0626385523808312
Thermoplasmatales	0.00739036357541219	0.0166731525263205	0.0301176363026849	0.138888433055379	0.0400761658723442	0.107053606802182	0.0622624944616229	0.0651072862772494	0.041023843739231	0.0185134175244802	0.0441886306787413	0.107447446954654	0.0442208646197919	0.115721020514852	0.161315637095054
MLE1-12	0.0751804476287565	0.0762169933569345	0.0504721328197286	0.05548302113636	0.0542061435667815	0.0754709250452076	0.0407292145062588	0.0533775185156422	0.0554524445662072	0.043462759877914	0.0397489296671619	0.148558100681308	0.103269919565275	0.0603771069550079	0.0679943421114591
Ellin5290	0.0888966921645787	0.0709452042194087	0.167295889695402	0.0536436411098944	0.0867233381428666	0.0803798568956824	0.0809102707594923	0.0337417072478033	0.028838400352356	0.165699948234293	0.0261836453934899	0.0287222464302811	0.0458358147526224	0.0239760494641141	0.0182072951377163
Bdellovibrionales	0.12576569542029	0.0637028667180574	0.0543613469684946	0.0289414701637046	0.0198443175033805	0.0545123843530969	0.0610048545695222	0.0489945327316536	0.158669759608329	0.154723551715343	0.0185234528286025	0.0424529041211833	0.0435165777778411	0.0419064622627395	0.0830798232577625
Nitrospirales	0.00231636454227916	0.0159294155515365	0.599695168777875	0.0457768603119008	0.0530448949956384	0.0662111345703444	0.0675861085737087	0	0.0420855217662573	0.0725458624746738	0.0305698389053707	0.00224581536840264	0	0	0.00199301416201177
